elapsed;gap;fitness;solution
1.49s;0.187735%;1601;[[1, 27, 18, 28, 9, 55, 31], [4, 30, 49, 35, 48, 38, 12], [5, 47, 36, 21, 41, 29, 53], [6, 56], [7, 37, 2, 23, 16, 44, 42], [8, 15, 51, 25, 11, 20, 33], [10, 17, 45, 24, 52, 43, 54], [13, 26, 39, 19, 34, 14], [22, 46, 50, 3, 40, 32]]
1.35s;0.0%;1598;[[1, 27, 18, 28, 9, 55, 31], [4, 30, 49, 35, 48, 38, 12], [5, 47, 36, 21, 41, 29, 53], [6, 56], [7, 20, 2, 23, 16, 44, 42], [8, 15, 25, 51, 37, 11, 33], [10, 17, 45, 24, 52, 54, 43], [13, 26, 39, 19, 34, 14], [22, 46, 50, 3, 40, 32]]
0.46s;0.813517%;1611;[[1, 45, 43, 54, 33, 35, 49], [4, 30, 38, 48, 12], [5, 47, 36, 21, 41, 29, 53], [6, 32, 22, 56], [7, 2, 23, 16, 44, 20], [8, 15, 51, 25, 37, 11, 42], [10, 17, 31, 55, 46, 3, 40], [13, 26, 39, 19, 34, 14], [50, 9, 28, 18, 27, 24, 52]]
0.64s;0.0625782%;1599;[[1, 27, 18, 28, 9, 55, 31], [4, 30, 49, 35, 48, 38, 12], [5, 47, 36, 21, 41, 29, 53], [6, 56], [7, 2, 23, 26, 39, 16], [8, 15, 25, 51, 37, 11, 33], [10, 17, 45, 24, 52, 43, 54], [20, 44, 13, 19, 34, 14, 42], [22, 46, 50, 3, 40, 32]]
0.58s;0.0%;1598;[[1, 27, 18, 28, 9, 55, 31], [4, 30, 49, 35, 48, 38, 12], [5, 47, 36, 21, 41, 29, 53], [6, 56], [7, 20, 2, 23, 16, 44, 42], [8, 15, 51, 25, 37, 11, 33], [10, 17, 45, 24, 52, 54, 43], [13, 26, 39, 19, 34, 14], [22, 46, 50, 3, 40, 32]]
0.51s;0.68836%;1609;[[1, 45, 54, 43, 33, 35, 49], [2, 23, 16, 44, 11], [4, 30, 38, 48, 12], [5, 47, 36, 21, 41, 29], [6, 32, 22, 56], [8, 15, 25, 51, 37, 20, 42, 7, 53], [10, 17, 55, 31, 46, 3, 40], [13, 26, 39, 19, 34, 14], [50, 9, 28, 18, 27, 24, 52]]
0.63s;0.0625782%;1599;[[1, 27, 18, 28, 9, 55, 31], [4, 30, 49, 35, 48, 38, 12], [5, 47, 36, 21, 41, 29, 53], [6, 56], [7, 2, 23, 26, 39, 16], [8, 15, 25, 51, 37, 11, 33], [10, 17, 45, 24, 52, 54, 43], [20, 44, 13, 19, 34, 14, 42], [22, 46, 50, 3, 40, 32]]
0.49s;0.813517%;1611;[[1, 45, 54, 43, 33, 35, 49], [4, 30, 38, 48, 12], [5, 47, 36, 21, 41, 29], [6, 32, 22, 56], [7, 2, 23, 16, 44, 20], [8, 15, 25, 51, 37, 11, 42, 53], [10, 17, 31, 55, 46, 3, 40], [13, 26, 39, 19, 34, 14], [50, 9, 28, 18, 27, 24, 52]]
0.60s;0.0625782%;1599;[[1, 27, 18, 28, 9, 55, 31], [4, 30, 49, 35, 48, 38, 12], [5, 47, 36, 21, 41, 29, 53], [6, 56], [7, 23, 16, 26, 39, 19], [8, 15, 25, 51, 37, 11, 33], [10, 17, 45, 24, 52, 43, 54], [20, 2, 13, 44, 34, 14, 42], [22, 46, 50, 3, 40, 32]]
1.39s;0.0%;1598;[[1, 27, 18, 28, 9, 55, 31], [4, 30, 49, 35, 48, 38, 12], [5, 47, 36, 21, 41, 29, 53], [6, 56], [7, 20, 2, 23, 16, 44, 42], [8, 15, 25, 51, 37, 11, 33], [10, 17, 45, 24, 52, 54, 43], [13, 26, 39, 19, 34, 14], [22, 46, 50, 3, 40, 32]]

avg_time;avg_ans;best_ans;worst_ans;avg_gap;best_gap;worst_gap
0.81s;1602.30;1598;1611;0.269086%;0.0%;0.813517%
