elapsed;result;tour
0.742s;590;[[4, 3, 8, 10], [5, 7], [6, 1, 2, 9], [11, 13], [12], [14, 21, 20], [15, 18, 17], [16], [19]]
0.259s;590;[[4, 3, 8, 10], [5, 7], [6, 1, 2, 9], [11, 13], [12], [14, 20, 21], [15, 18, 17], [16], [19]]
0.195s;590;[[4, 3, 8, 10], [5, 7], [6, 1, 2, 9], [11, 13], [12], [14, 21, 20], [15, 18, 17], [16], [19]]
0.195s;590;[[4, 3, 8, 10], [5, 9], [6, 1, 2, 7], [11, 13], [12], [14, 21, 20], [15, 18, 17], [16], [19]]
0.184s;590;[[4, 3, 8, 10], [5, 7], [6, 1, 2, 9], [11, 13], [12], [14, 20, 21], [15, 18, 17], [16], [19]]
0.181s;590;[[4, 3, 8, 10], [5, 9], [6, 1, 2, 7], [11, 13], [12], [14, 21, 20], [15, 18, 17], [16], [19]]
0.181s;590;[[4, 3, 8, 10], [5, 9], [6, 1, 2, 7], [11, 13], [12], [14, 21, 20], [15, 18, 17], [16], [19]]
0.181s;590;[[4, 3, 8, 10], [5, 9], [6, 1, 2, 7], [11, 13], [12], [14, 21, 20], [15, 18, 17], [16], [19]]
0.181s;590;[[4, 3, 8, 10], [5, 7], [6, 1, 2, 9], [11, 13], [12], [14, 20, 21], [15, 18, 17], [16], [19]]
0.182s;590;[[4, 3, 8, 10], [5, 9], [6, 1, 2, 7], [11, 13], [12], [14, 21, 20], [15, 18, 17], [16], [19]]

avg_elapsed;avg_result;best_result;worst_result
0.248s;590.000;590;590
