elapsed;gap;fitness;solution
4.88s;0.241255%;831;[[1, 29, 14, 17, 32, 12, 36], [4, 39, 38, 27, 26, 19], [5, 15, 31, 22, 16, 8], [9, 37, 21, 18, 3, 2, 35, 24], [13, 30, 7, 20, 40, 10, 23], [25, 6, 33, 34, 11, 28]]
3.92s;0.241255%;831;[[1, 29, 14, 17, 32, 12, 36], [4, 38, 27, 26, 19, 39], [5, 15, 31, 22, 16, 8], [9, 37, 21, 18, 3, 2, 35, 24], [13, 30, 7, 20, 40, 10, 23], [25, 6, 33, 34, 11, 28]]
3.92s;0.120627%;830;[[1, 29, 14, 17, 32, 36, 30, 13], [4, 38, 27, 26, 19, 39], [5, 15, 31, 22, 16, 8], [7, 20, 40, 10, 23, 12], [9, 37, 21, 18, 3, 2, 35, 24], [25, 6, 33, 34, 11, 28]]
3.87s;0.241255%;831;[[1, 29, 14, 17, 32, 36, 30, 13], [4, 39, 38, 27, 19, 26], [5, 15, 31, 22, 16, 8], [7, 20, 40, 10, 23, 12], [21, 18, 3, 37, 9, 2, 35, 24], [25, 6, 33, 34, 11, 28]]
3.89s;0.361882%;832;[[1, 29, 14, 17, 32, 12, 36], [4, 39, 38, 27, 19, 26], [5, 15, 31, 22, 16, 8], [13, 30, 7, 20, 40, 10, 23], [21, 18, 3, 37, 9, 2, 35, 24], [25, 6, 33, 34, 11, 28]]
3.86s;0.361882%;832;[[1, 29, 14, 17, 32, 12, 36], [4, 38, 27, 26, 19, 39], [5, 15, 31, 22, 16, 8], [9, 37, 21, 18, 3, 2, 35, 24], [13, 30, 7, 20, 40, 10, 23], [25, 6, 11, 33, 34, 28]]
3.88s;0.241255%;831;[[1, 17, 14, 29, 36, 32, 12, 30], [4, 38, 27, 26, 19, 39], [5, 15, 31, 22, 13, 8], [7, 16, 20, 40, 10, 23], [9, 37, 21, 18, 3, 2, 35, 24], [25, 6, 33, 34, 11, 28]]
3.89s;0.120627%;830;[[1, 29, 14, 17, 32, 12, 16, 7], [4, 39, 38, 27, 19, 26], [5, 15, 31, 22, 13, 8], [9, 37, 21, 18, 3, 2, 35, 24], [25, 6, 33, 34, 11, 28], [30, 20, 40, 10, 23, 36]]
3.86s;0.120627%;830;[[1, 29, 14, 17, 32, 36, 30, 13], [4, 39, 38, 27, 19, 26], [5, 15, 31, 22, 16, 8], [7, 20, 40, 10, 23, 12], [9, 37, 21, 18, 3, 2, 35, 24], [25, 6, 33, 34, 11, 28]]
3.87s;0.241255%;831;[[1, 29, 14, 17, 32, 12, 36], [4, 39, 38, 27, 19, 26], [5, 15, 31, 22, 16, 8], [9, 37, 21, 18, 3, 2, 35, 24], [13, 30, 7, 20, 40, 10, 23], [25, 6, 33, 34, 11, 28]]

avg_time;avg_ans;best_ans;worst_ans;avg_gap;best_gap;worst_gap
3.98s;830.90;830;832;0.229192%;0.120627%;0.361882%
